0.599414 -0.223488 -0.080987 0.545691 -0.196626 0.013028 -156.343898 -34.345624 58.576812 -160.377181 -13.718718 74.709942 2.537339 10.653946 95.810839 16.302272 9.153742 14.170315 18.069001 9.185011 14.013967 8.255420 9.078591 20.704607 -2.152231 -9.789660 -7.300188 -1.558109 -10.321242 -8.566604  1 

-0.201982 -0.376016 -0.313770 -0.061498 -0.231843 -0.760577 -1.408390 -0.216182 -0.243746 26.543504 9.257761 124.834660 28.059996 9.984414 128.926029 22.774390 8.130081 48.577236 23.487731 13.615560 32.754555 19.426189 13.048833 31.085859 -10.139465 -14.065257 -17.775688 -23.555191 -23.919116 -22.980457  1 

2.876779 -0.335366 0.209565 -1.677144 0.539666 1.878615 3.179293 -2.397678 -2.613285 7.219972 -2.961493 -4.602301 8.883189 14.676756 59.087915 12.036023 14.817229 54.171366 15.698925 12.586218 18.355298 6.894211 11.965210 11.939421 4.983503 11.244779 9.919082 -24.125381 -26.072790 -44.336890  1 

-1.447846 -0.631487 -0.241308 1.448562 -0.375235 -0.157129 0.713727 -0.422139 0.124296 15.131488 28.141495 114.954816 18.258773 17.765368 80.327277 35.213936 15.620440 29.592610 30.836200 17.340265 30.937200 2.101309 5.071573 7.505482 3.307248 5.525758 7.740405 -0.766551 -8.852184 -6.100911  1 

-0.946011 -0.457317 0.046176 -0.914634 -0.457317 0.030488 10.856364 -11.129297 5.501956 -5.141930 -13.595376 9.060601 19.572839 21.726869 65.873210 22.116323 14.923546 25.911820 20.912445 16.846623 26.631019 2.967480 4.451547 10.272751 0.460526 -1.688062 -0.287227 -7.123202 -13.590525 -16.176517  1 

-18.297381 -1.848689 -0.004490 -4.186836 -1.036898 -0.210913 -4.687148 -1.052533 -0.085835 0.689702 -0.236450 -0.170054 -5.621052 -0.148569 0.661057 -8.303769 0.008315 0.268847 -1.117113 -5.930872 -2.541755 25.544761 -9.514179 26.234443 31.198578 -14.682488 35.286815 32.481159 -38.054604 10.213415  -1 

3.738828 76.827493 -27.072231 -120.508130 -59.872967 -5.264228 -41.781889 -46.266368 -23.199128 -58.756746 -44.117056 -18.476917 -23.982144 19.193582 14.527699 -33.268959 15.432032 7.098248 0.574526 1.621274 3.321138 -136.395452 -18.686484 -30.220401 -14.345147 12.527947 -22.499365 -10.109756 2.018293 -16.493902  -1 

73.145008 7.516197 30.169588 130.598617 -0.019715 68.610530 93.417092 -11.080042 63.464732 144.565465 79.528612 -149.562115 31.946928 -21.912506 -130.143588 35.165582 -23.508422 -127.635720 -16.656176 -0.395358 2.994689 -7.982003 2.120116 4.123924 4.550700 2.911322 6.006994 4.018178 -0.586003 0.293654  -1 

-840.580521 343.432175 -26.349816 -281.495200 -153.220031 -255.897769 578.123329 280.358702 156.086650 -236.464876 275.801192 -379.083956 -151.015179 132.845096 -132.352102 136.399833 -111.906921 -161.533511 210.399208 -190.018241 -99.182041 -101.310976 209.542683 287.408537 -520.436506 308.363700 326.885718 -604.338649 43.639775 -34.995310  -1 

7.401867 9.305450 10.142912 9.864290 196.383052 2.091620 -159.463488 -67.777575 28.924835 -187.513312 -99.617493 18.791816 -2.612943 -3.356430 -41.671979 32.097498 -18.351114 65.608060 18.746250 -17.011972 67.764079 210.786174 128.535558 -120.066457 -222.533589 -4.736701 -56.516926 -141.809241 33.283694 -57.179247  -1 

2.437563 -0.209029 1.352949 2.421901 -0.162045 1.149348 10.201558 -8.925813 21.688686 39.080981 16.666545 115.421452 38.642457 16.400299 114.121544 24.220102 11.886310 27.270850 21.230457 9.048728 22.617052 24.982802 7.375808 22.679591 -10.974981 -10.620757 -17.546832 -12.118458 -16.298477 -34.823035  1 

2.384760 -3.890941 -4.085470 2.462801 -5.529791 -1.463311 381.984053 -376.283838 -105.109220 146.505492 -373.703433 25.389659 465.139597 -220.815444 -36.128884 -187.359819 -76.362208 9.661491 -161.600949 11.224932 40.871274 -228.902439 113.079268 55.396341 -46.101001 -113.857880 99.470971 -47.836460 -111.747186 103.754899  -1 

248.367281 -421.610664 -119.161261 56.600219 18.766677 60.325203 41.168699 -16.724255 56.056911 -61.699695 112.289126 289.140625 -357.040908 -258.144629 189.226633 -257.731060 -270.266664 154.097791 162.090525 19.903064 54.056129 173.863508 29.127580 42.627111 156.892254 -23.191504 -24.600643 102.365593 -32.688347 -68.202575  -1 

-31.981707 -29.527439 -36.981072 2.503759 3.940444 -12.592716 0.013573 -5.613097 -7.189484 -11.977307 16.304061 17.947888 -79.034762 19.981456 35.989125 -43.159934 44.925686 31.087398 36.348729 49.297844 26.785364 30.023846 27.836034 42.336819 7.489837 12.609686 -5.418068 3.612337 -5.261696 5.527866  -1 

0.798240 -0.530758 -0.524751 2.114376 0.140993 0.119974 4.970657 0.109777 -0.051715 30.435262 87.868124 86.598339 22.045492 41.696287 50.187505 23.091234 40.978315 53.246691 4.447286 12.897981 9.158471 2.265478 5.180582 3.724672 0.389306 5.649625 2.387899 -4.186880 -12.517087 -8.008242  1 

