-0.574137 2.165238 0.789362 -0.553703 3.233454 -1.224964 -0.633098 2.868236 -1.378462 -0.712494 2.503017 -1.531959 -0.791889 2.137799 -1.685457 -0.871284 1.772580 -1.838955 30.587884 109.935048 120.314157 -940.613034 -191.351626 -469.858379 -441.219512 112.412348 -245.034299 214.069186 -90.061912 71.390003  1 

-1.357370 0.686373 -1.533669 -1.169872 3.154315 0.368590 -0.177064 3.435741 0.423311 0.815744 3.717167 0.478033 1.808552 3.998593 0.532755 2.801360 4.280019 0.587477 3.794168 4.561445 0.642198 4.786976 4.842871 0.696920 5.779784 5.124296 0.751642 51.150077 -138.919199 359.315062  1 

20.761271 168.383222 9.273836 59.794207 75.497529 10.011039 65.129573 76.375368 12.523654 70.464939 77.253206 15.036270 75.800305 78.131045 17.548886 81.135671 79.008884 20.061501 86.471037 79.886722 22.574117 10.859497 146.663207 723.556046 126.351740 87.641820 571.384968 -84.430894 105.042683 43.036585  1 

5.302533 -0.309568 -17.124765 -23.307743 54.904129 37.697935 -19.414120 62.066926 44.886969 -15.520497 69.229724 52.076004 -11.626873 76.392521 59.265039 -7.733250 83.555319 66.454074 -3.839627 90.718116 73.643109 25.524920 561.705992 842.208378 -977.540323 -151.681091 251.005442 701.643428 125.326417 114.544764  1 

59.566819 43.821773 -24.296240 78.760441 57.641163 -19.916054 83.657284 58.633060 -19.889952 88.554126 59.624958 -19.863849 93.450969 60.616856 -19.837746 98.347812 61.608754 -19.811644 86.981707 35.152439 -27.987805 -705.745957 -255.660459 686.251657 58.434352 -26.416850 -84.494558 46.119568 -24.205704 -80.233549  1 

4.220525 26.052926 56.043581 4.309274 25.536095 54.487868 4.398022 25.019264 52.932154 4.486771 24.502433 51.376441 -199.401390 84.825269 -22.068253 -448.059692 189.151155 -377.078947 193.094226 -737.033406 484.766312 263.252658 -670.309412 430.805503 333.411090 -603.585418 376.844695 403.569523 -536.861424 322.883886  -1 

-592.527355 -267.638396 -1.793403 -557.758729 -313.740760 25.118349 -522.990102 -359.843124 52.030101 -363.505763 175.453967 -257.875235 -695.087933 14.377086 94.932285 436.140474 792.906052 -370.318399 482.070560 751.402961 -376.452504 528.000647 709.899871 -382.586608 573.930734 668.396780 -388.720713 619.860821 626.893689 -394.854817  -1 

10.331010 17.790567 0.163016 11.456156 20.217148 1.241497 12.581301 22.643728 2.319977 7.816714 -3.645983 4.221306 -13.655223 11.578407 5.833775 9.571605 4.815403 5.086243 11.205626 4.627464 5.451679 12.839647 4.439526 5.817115 14.473668 4.251587 6.182551 16.107689 4.063649 6.547987  -1 

116.288832 -27.584082 -34.172657 64.632377 71.923333 -20.069300 61.755286 79.113460 -22.041122 58.878194 86.303588 -24.012944 56.001103 93.493715 -25.984767 53.124011 100.683843 -27.956589 50.246920 107.873970 -29.928411 37.264808 323.413294 42.218909 -75.762036 -102.445217 -107.599403 -90.037316 -164.611757 -122.493966  -1 

-3.219115 1.561837 -5.614064 1.528836 4.429942 -4.130145 92.897612 170.311230 160.057165 -17.654005 69.798697 120.644734 -17.826282 38.204143 119.919082 -17.998559 6.609589 119.193431 -18.170836 -24.984965 118.467779 -18.343113 -56.579519 117.742127 -18.515390 -88.174073 117.016476 -21.276132 14.828799 -6.708322  -1 

27.330461 13.240388 74.749874 24.302598 14.301970 75.549983 21.274735 15.363553 76.350092 18.246873 16.425135 77.150201 15.219010 17.486717 77.950310 12.191148 18.548299 78.750418 18.013789 -9.888789 19.930017 8.255172 -0.483335 23.818318 6.387594 -0.403524 22.860586 3.582474 3.098755 18.443865  -1 

1.900616 2.008109 -0.259932 2.737459 0.836529 3.558744 4.230419 -0.027816 2.662968 5.521404 1.373818 -2.462046 9.771341 4.939024 0.419207 19.912602 6.782859 1.757114 44.536438 19.466280 26.758742 47.616704 20.594486 37.080517 50.696969 21.722692 47.402292 53.777234 22.850898 57.724067  1 

-37.577876 137.694525 -59.835631 6.659359 38.136818 -17.968622 14.905079 38.471209 -18.135215 34.334612 38.522756 -13.548843 84.586372 30.528665 156.388924 69.701880 -24.285265 437.163063 81.493641 -41.352150 387.649191 93.285401 -58.419034 338.135320 105.077162 -75.485919 288.621448 116.868923 -92.552804 239.107577  1 

2.980265 32.731445 7.551796 57.926829 87.469512 7.469512 62.915265 87.532590 16.615854 67.903701 87.595669 25.762195 72.892136 87.658747 34.908537 77.880572 87.721825 44.054878 82.869008 87.784903 53.201220 25.697154 -14.793360 72.500000 11.874676 -317.555786 -334.388298 -203.516470 300.698391 810.636472  1 

-231.505649 -77.187448 -180.110675 43.528390 116.195253 65.273735 39.449426 -8.658537 -30.835725 48.010515 5.610689 -59.149141 12.550768 -4.137746 -15.625336 18.934852 -0.207013 -1.281294 25.318936 3.723720 13.062748 31.703019 7.654454 27.406791 38.087103 11.585187 41.750833 44.471187 15.515920 56.094875  1 

-1.372152 2.102704 3.350444 32.685815 -89.620026 110.527279 -212.155722 342.014905 -474.669637 -158.028143 398.857724 -446.167448 -103.900563 455.700542 -417.665260 -49.772983 512.543360 -389.163071 4.354597 569.386179 -360.660882 58.482176 626.228997 -332.158693 -262.761179 935.930894 110.498984 -645.936689 211.790348 -489.285158  -1 

-288.094089 -19.199166 -69.100133 -244.352558 7.657626 -89.822313 -200.611026 34.514418 -110.544493 -156.869495 61.371210 -131.266673 313.976670 -41.045864 -117.127519 -258.233613 -160.657393 278.044970 368.738587 113.398061 616.818324 321.328747 166.535439 473.239004 273.918908 219.672816 329.659683 226.509068 272.810194 186.080363  -1 

-465.680161 -56.599510 432.930601 -0.007868 -41.688631 -95.220299 -54.528412 89.638687 -14.344837 -1.320982 47.361945 -55.300500 59.623358 39.403846 -81.582552 130.476372 -70.278201 -139.908537 -53.978177 -49.027279 -63.249358 15.921121 13.072782 43.104567 -17.887728 9.947429 57.704122 -14.677111 9.754270 58.675138  -1 

-8.010448 6.855363 -14.236498 -11.472357 6.233057 -22.943564 -14.934266 5.610750 -31.650630 -18.396174 4.988443 -40.357696 -21.858083 4.366136 -49.064762 -25.319991 3.743829 -57.771828 -141.617759 -3.962779 -73.780488 -99.792302 -1.644436 -47.865854 118.255777 79.680680 429.573171 124.338601 42.280986 230.484072  -1 

-3.054722 -8.740932 5.380707 -2.372003 -6.948145 6.214561 -1.689285 -5.155358 7.048416 -1.006567 -3.362570 7.882270 14.035010 -9.964031 -1.372294 271.352068 -130.349947 470.672057 117.179608 -237.831993 -823.301317 135.422827 -202.914913 -853.339449 153.666046 -167.997833 -883.377581 171.909265 -133.080752 -913.415713  1 

-0.279733 1.058273 4.949397 -0.112424 -0.842226 -2.056021 4.602406 3.238807 2.101570 5.035708 3.578141 2.315611 5.469011 3.917474 2.529653 5.902314 4.256808 2.743694 6.335616 4.596141 2.957735 6.768919 4.935474 3.171776 51.777903 -121.258948 -72.434716 14.100610 -96.143293 -198.025915  1 

223.850772 -66.453426 25.639146 232.756558 -60.031638 27.072020 241.662344 -53.609850 28.504895 -32.912795 344.566396 290.910279 92.974416 535.510388 327.640825 -32.179878 998.993902 329.265244 124.992779 998.993902 309.523053 282.165436 998.993902 289.780862 439.338094 998.993902 270.038671 596.510751 998.993902 250.296481  -1 

35.429492 -20.300858 1.312229 31.216537 -19.846673 0.226362 27.003581 -19.392489 -0.859506 22.790626 -18.938304 -1.945373 18.577671 -18.484119 -3.031240 2.632464 -3.745795 -0.052565 -7.368319 -2.245070 -1.300597 6.112831 -1.829998 0.653012 5.888733 -1.652804 0.600896 5.664634 -1.475610 0.548780  -1 

0.254761 -7.426078 -1.922402 0.129469 -7.546149 -0.554627 0.004176 -7.666221 0.813147 -0.121116 -7.786293 2.180922 -0.246408 -7.906365 3.548697 -0.371701 -8.026437 4.916472 0.467703 -1.394398 -0.303873 4.043202 -0.852361 2.603140 3.600869 0.599653 1.214863 2.742561 -0.281006 1.308740  -1 

-1.122758 1.190177 -0.120484 -0.656535 0.959685 -0.413838 -0.190313 0.729193 -0.707191 0.275909 0.498701 -1.000545 0.742132 0.268209 -1.293898 -1.966463 -1.280488 0.718157 2.182588 -1.735434 -0.631775 1.216698 0.101678 0.418230 1.075985 -0.065093 0.496404 0.935272 -0.231864 0.574578  -1 

0.985982 -0.208700 -1.737805 0.126875 -0.229654 -1.737805 5.452678 -6.315284 0.915960 38.493618 -33.294421 15.905472 44.922912 -38.380987 21.513332 96.169334 -151.457698 110.468750 178.293953 -173.001461 -371.921367 -620.790960 -364.488703 569.573641 -601.856154 -310.832254 589.427257 -582.921348 -257.175806 609.280874  1 

2.599346 1.072241 4.724461 1.570905 0.983493 4.066676 0.542464 0.894744 3.408892 -0.485978 0.805995 2.751107 4.615010 0.055138 -0.152115 356.412818 -83.956279 269.391541 225.803481 -17.729294 -982.971608 -367.074265 252.449604 650.428445 -214.338180 155.065822 498.421982 -61.602095 57.682041 346.415520  1 

101.814024 -4.590236 2.148766 27.711359 -2.627432 -39.422787 11.300064 -0.678434 -1.929076 120.920419 -0.682614 413.693871 129.201636 -10.386596 426.290286 137.482854 -20.090577 438.886700 145.764071 -29.794559 451.483114 154.045289 -39.498541 464.079529 162.326506 -49.202522 476.675943 232.374028 -24.469311 107.076856  1 

36.397827 6.812615 -11.594333 34.107269 15.010534 -7.881353 33.977336 15.697322 -8.099454 33.847403 16.384109 -8.317556 33.717470 17.070897 -8.535657 33.587538 17.757685 -8.753759 33.457605 18.444472 -8.971860 85.583440 -28.223363 30.319320 -190.556486 93.657196 658.205575 -62.545732 163.818598 -24.390244  1 

10.586405 121.472440 39.965577 5.233985 117.751984 29.197767 -0.118435 114.031527 18.429957 -5.470856 110.311070 7.662147 6.373918 -59.852478 38.759835 73.270063 -144.983281 -848.493312 -261.459564 459.447047 -443.795892 149.311288 159.191057 6.646029 125.442203 148.757453 4.295601 101.573119 138.323848 1.945174  1 

-1.797329 14.928862 12.196574 -9.302168 14.292005 -0.802846 11.985237 41.646021 -34.648909 108.935835 -57.172788 -72.100127 131.690022 -29.339033 -42.074573 154.444208 -1.505277 -12.049019 177.198394 26.328479 17.976534 199.952580 54.162235 48.002088 222.706767 81.995990 78.027642 74.149424 -127.424294 -192.087216  1 

16.903221 49.043308 29.720450 16.606160 48.683709 27.046904 16.309099 48.324109 24.373358 16.012039 47.964509 21.699812 15.714978 47.604909 19.026266 14.115854 14.207317 -5.792683 -50.424235 -314.527439 357.524001 229.273400 10.906869 -323.950281 201.136023 27.959193 -249.090994 172.998645 45.011518 -174.231707  1 

-168.603575 65.441158 -38.766839 -155.597885 63.244781 -33.448469 19.235154 28.820255 -12.704136 165.882221 -107.363928 65.189024 446.120114 -61.308052 311.022908 442.862513 -73.586702 318.926767 439.604911 -85.865352 326.830626 436.347310 -98.144003 334.734485 433.089709 -110.422653 342.638344 429.832108 -122.701303 350.542203  1 

3.271801 27.279485 23.543059 3.898263 25.358336 21.976904 12.396547 39.157646 28.897301 96.699857 -32.338480 -18.978659 204.980808 -120.933513 6.457767 208.348586 -122.214732 7.822658 211.716364 -123.495952 9.187550 215.084142 -124.777172 10.552441 218.451920 -126.058392 11.917333 221.819698 -127.339612 13.282224  1 

15.094805 -6.134731 -7.036001 14.421358 -5.550033 -6.096308 1.649585 -3.035807 -2.657628 -4.066629 -0.432228 1.114710 -0.859057 -1.924860 -0.600229 -0.854281 -3.468766 -1.801269 -1.275032 -1.432927 -0.475289 -0.060023 -0.484629 0.094639 2.429644 0.159475 -0.858349 2.341046 0.310611 -0.801021  -1 

1.234678 0.833333 0.494059 0.937617 -0.182927 -0.131332 1.056255 -0.612707 -0.561566 0.126307 -0.592957 -0.508026 0.300000 -0.031707 -0.278049 3.500133 1.377253 0.339343 -4.807556 2.631783 2.304313 -4.598377 2.244802 2.157888 -4.389198 1.857821 2.011463 -4.180019 1.470840 1.865038  -1 

-0.146538 -0.210464 0.125885 -0.195712 -0.165761 0.139296 1.219512 -1.158537 -0.762195 1.128049 -0.548780 -0.518293 -0.396183 -0.549254 -0.335208 -0.364590 -0.644035 -0.303614 -0.332996 -0.738816 -0.272021 -0.301403 -0.833597 -0.240427 -0.269809 -0.928377 -0.208834 0.422474 1.023519 0.858014  -1 

-22.140327 17.703079 -9.418394 -22.379243 17.713467 -9.558628 -22.618160 17.723854 -9.698862 -22.857076 17.734242 -9.839095 -1.338038 -2.651069 4.053508 -0.105382 1.157874 -0.164369 -1.259413 1.554773 -0.104955 -1.097300 1.319447 0.025781 -0.935186 1.084121 0.156518 -0.773072 0.848795 0.287255  -1 

-0.915469 0.117201 -1.601549 -1.625459 1.605047 -1.256995 -2.335449 3.092894 -0.912442 -3.019950 -19.656681 -8.220109 -120.033028 -302.676575 -244.500762 -482.789320 44.788314 941.976731 -416.046172 98.613433 942.882983 -349.303024 152.438553 943.789236 -282.559876 206.263672 944.695489 -215.816727 260.088792 945.601741  1 

10.152439 -4.939024 -13.125000 8.330045 -1.722325 -6.290143 8.104404 -1.811532 -6.368855 7.878762 -1.900739 -6.447567 7.653121 -1.989946 -6.526279 7.427480 -2.079153 -6.604991 7.201839 -2.168360 -6.683703 63.128645 -268.732436 -440.410591 -22.129332 -45.170090 151.691271 102.827022 182.769255 29.389281  1 

5.828200 5.066319 -13.289697 6.750168 5.537780 -12.488213 7.672136 6.009241 -11.686730 8.594104 6.480702 -10.885246 9.516072 6.952162 -10.083763 10.438040 7.423623 -9.282279 72.432213 -52.383887 117.383400 79.664958 -66.654774 146.979275 460.476503 -186.123844 280.810029 487.416159 -180.762195 193.246951  1 

-111.018387 101.123761 -127.086977 -95.685583 96.704859 -121.161988 45.723091 -34.602664 84.224549 52.754393 -98.236625 178.131393 61.203015 -108.563106 200.638991 61.698964 -108.672736 201.516037 62.194913 -108.782367 202.393084 62.690862 -108.891998 203.270130 63.186811 -109.001629 204.147177 63.682760 -109.111260 205.024223  -1 

142.066686 -92.242449 58.226059 -49.806911 -10.203252 315.271003 54.199615 29.488126 186.524711 -14.176829 163.048780 489.857724 21.899850 -27.691280 -176.345431 18.161961 1.606248 -136.095264 14.424073 30.903775 -95.845097 10.686184 60.201303 -55.594930 6.948296 89.498831 -15.344763 3.210408 118.796358 24.905404  -1 

42.238054 68.526008 109.279492 42.624707 68.317127 103.595250 43.011360 68.108245 97.911008 43.398013 67.899364 92.226765 43.784665 67.690482 86.542523 183.347351 -140.245304 272.895641 -257.825440 2.648894 -249.903573 109.338039 30.494487 127.801328 85.762195 22.621951 118.978659 62.186351 14.749415 110.155989  1 

24.054407 -36.793133 -48.516975 21.345542 -28.676997 -46.419958 18.636677 -20.560861 -44.322941 15.927812 -12.444725 -42.225924 30.080407 -16.099571 2.533168 97.736521 -205.556162 -882.316110 -62.202744 87.271341 -429.664634 6.665885 137.986241 150.669168 24.578122 116.358141 139.000417 42.490359 94.730040 127.331666  1 

0.800149 -0.319811 -0.321989 1.189024 -1.138211 -1.432927 6.141680 -0.962603 -1.478919 6.094856 -1.519292 -1.437297 6.048031 -2.075980 -1.395676 6.001207 -2.632669 -1.354054 5.954383 -3.189357 -1.312432 5.907558 -3.746046 -1.270811 176.987188 -294.742395 -898.783913 -21.336923 -72.194473 128.755189  1 

2.024724 -1.014659 -2.619445 1.523555 -0.748413 -2.567240 1.022386 -0.482167 -2.515035 0.521216 -0.215920 -2.462830 0.020047 0.050326 -2.410625 5.397712 1.289394 -2.773363 114.268293 48.109756 482.621951 41.100375 -271.315093 -287.679331 41.663227 -282.301126 -405.862570 42.226079 -293.287159 -524.045810  1 

9.209154 5.474214 -3.882604 8.584705 5.217088 -3.919336 7.960256 4.959962 -3.956068 7.335807 4.702836 -3.992800 5.000000 4.603659 -5.518293 138.412080 -325.014905 -538.715030 122.912810 -341.749322 -617.535126 107.413540 -358.483740 -696.355222 91.914269 -375.218157 -775.175318 76.414999 -391.952575 -853.995414  1 

0.116231 -0.467864 -0.180146 0.184449 -0.593804 -0.101434 0.252666 -0.719743 -0.022722 0.320883 -0.845682 0.055991 0.389100 -0.971622 0.134703 0.457317 -1.097561 0.213415 0.243902 -0.823171 -0.213415 -0.918445 -0.457317 -0.274390 0.616323 -0.397071 -0.273296 0.710131 -0.407494 -0.257661  -1 

-0.884146 -0.333214 -0.089312 -0.884146 -0.364699 -0.120797 -0.884146 -0.396184 -0.152282 -0.884146 -0.427669 -0.183766 -0.884146 -0.459154 -0.215251 -0.516237 -0.335708 -0.274390 0.101194 -0.468993 -0.240983 -0.297891 -0.431275 -0.274390 -0.300284 -0.239726 -0.210074 -0.081022 -0.213623 -0.189191  -1 

1.131035 -0.430129 -0.193142 1.492488 -0.508706 -0.145996 -2.530488 -0.121951 -0.243902 -3.309341 0.161868 -0.146153 -2.297272 -0.269047 -0.041803 0.781615 -0.705866 -0.725965 0.927790 -0.658881 -0.715524 1.073964 -0.611897 -0.705083 1.220139 -0.564912 -0.694642 1.366313 -0.517927 -0.684201  -1 

1.322208 -0.367458 -0.383504 1.072416 -0.640244 -0.156211 -1.584648 -0.010043 -0.434720 -1.692253 -0.027977 -0.394369 -1.799857 -0.045911 -0.354017 -1.907461 -0.063845 -0.313666 -2.015065 -0.081779 -0.273314 -2.122669 -0.099713 -0.232963 -2.230273 -0.117647 -0.192611 4.966945 -0.206675 -0.653723  -1 

-19.870340 -15.434278 -16.089939 9.728616 14.458090 -8.692889 20.314728 19.624453 -11.551595 21.112101 20.630290 -12.302064 21.909475 21.636127 -13.052533 22.706848 22.641964 -13.803002 23.504221 23.647801 -14.553471 199.294526 -178.930091 82.636132 -62.697999 -170.171965 -1.552480 -17.576220 43.466082 16.652058  1 

0.846128 -0.012708 0.043143 0.955947 -0.017937 -0.014381 1.065766 -0.023167 -0.071905 1.175585 -0.028396 -0.129429 4.753557 64.941565 4.674797 199.644197 303.594881 0.814125 217.250321 -111.537227 236.536906 343.590069 -670.886123 -787.695830 319.881379 -733.989636 -467.501041 296.172688 -797.093149 -147.306252  1 

3.198756 2.525868 -5.040958 -24.085992 0.414133 -8.221962 -28.127190 0.534833 -8.883574 -32.168389 0.655533 -9.545186 -36.209588 0.776232 -10.206799 -40.250787 0.896932 -10.868411 -44.291986 1.017631 -11.530023 -48.333184 1.138331 -12.191635 -24.157646 449.869142 376.858043 -2.143730 101.157378 -52.669500  1 

5.409497 6.206043 -1.551015 5.607877 6.837726 -1.117712 5.806256 7.469408 -0.684409 6.004636 8.101090 -0.251107 6.203015 8.732772 0.182196 6.401395 9.364455 0.615499 -68.493284 -396.729410 -496.034818 -34.592426 40.882542 -62.767972 94.903325 -50.083281 66.197832 93.782833 -52.074109 56.170732  1 

-89.094645 37.695520 -47.888388 1.029450 24.932862 -33.096458 -6.265244 -12.922122 1.670418 -1.692073 -14.468929 3.602807 2.881098 -16.015737 5.535195 7.454268 -17.562545 7.467584 12.027439 -19.109353 9.399973 16.600610 -20.656160 11.332362 21.173780 -22.202968 13.264751 -45.344893 -113.438453 -31.734311  1 

41.122706 41.005155 -21.812610 37.340541 39.889364 -17.344208 33.558377 38.773573 -12.875807 29.776213 37.657782 -8.407405 6.153773 9.781822 5.254383 84.319106 -383.607724 -172.510163 -22.523086 216.602240 585.544174 -79.756305 258.627790 652.974502 -136.989523 300.653340 720.404830 -194.222742 342.678889 787.835159  1 

12.625270 20.291190 -27.608470 6.351419 18.922349 -24.227850 0.077568 17.553509 -20.847229 -22.985795 -6.344144 15.205374 84.622672 -612.372148 -636.671912 136.010776 86.637721 450.528280 142.271289 8.336627 292.990433 148.531802 -69.964466 135.452586 154.792315 -148.265559 -22.085261 161.052828 -226.566653 -179.623108  1 

2.775270 0.296670 -17.352545 6.279102 5.304878 0.331208 13.041539 7.185414 23.051089 13.970341 6.508490 25.008396 14.899144 5.831567 26.965703 15.827946 5.154643 28.923009 16.756748 4.477719 30.880316 17.685551 3.800796 32.837622 -110.060976 183.719512 309.085366 -22.842708 -13.964213 51.599413  1 

16.761181 -5.085606 -431.401079 15.704828 -8.699170 -435.234280 -4.547764 -3.114837 -2.792175 9.510898 23.286845 44.138557 71.294715 52.405566 189.731655 83.083333 56.845841 210.755212 94.871951 61.286116 231.778768 106.660569 65.726391 252.802324 118.449187 70.166667 273.825881 -160.336691 -117.741251 -178.814952  1 

9.268189 -21.207130 -146.463623 14.517710 -20.900171 -135.964580 19.767231 -20.593212 -125.465537 8.969994 27.095635 24.342587 0.160623 36.723363 17.811778 166.663544 -194.671833 440.279154 157.649528 -266.021765 335.953697 148.635512 -337.371697 231.628239 139.621496 -408.721629 127.302782 130.607480 -480.071562 22.977325  1 

-134.882581 -13.741554 -418.613423 39.710847 21.495186 3.941271 32.413966 15.568827 87.771467 37.436101 14.295022 97.643460 42.458236 13.021216 107.515453 47.480371 11.747411 117.387446 52.502506 10.473605 127.259439 57.524641 9.199800 137.131432 -6.520456 89.203383 740.399292 -18.480324 -45.666960 18.446379  1 

-19.463792 48.202791 119.938710 -14.626934 36.140178 117.861592 -12.646258 22.105021 14.965426 -11.666667 19.349593 9.512195 -10.687076 16.594166 4.058964 -9.707485 13.838739 -1.394267 -8.727894 11.083312 -6.847498 -25.851733 -10.080231 -99.974647 -108.551829 170.588674 320.027569 60.691429 63.339264 314.175354  -1 

15.675087 57.825203 154.756098 13.251605 13.843710 19.488768 -6.435123 -53.471008 -103.309888 -2.748347 -56.404740 -109.491120 0.938428 -59.338472 -115.672353 4.625204 -62.272204 -121.853585 8.311980 -65.205936 -128.034818 11.998755 -68.139669 -134.216050 157.248313 -10.175467 7.053062 -94.126334 -101.587271 157.734375  -1 

-1.522358 120.654133 54.523035 149.637035 16.894416 3.161746 430.118512 -36.222483 18.092245 431.989473 -36.962529 19.025120 433.860434 -37.702575 19.957995 435.731395 -38.442620 20.890869 437.602356 -39.182666 21.823744 439.473317 -39.922712 22.756619 -33.831853 -145.140840 -12.895016 401.892539 -117.950105 -42.590808  -1 

14.680488 -0.917073 0.374390 -3.623753 -0.475442 -6.446233 -4.168553 0.745118 -7.101039 -4.713352 1.965678 -7.755846 -5.258151 3.186238 -8.410653 -5.802950 4.406797 -9.065460 -6.347750 5.627357 -9.720267 -414.855419 162.186321 132.570719 34.615712 -22.604580 99.360111 269.548155 -39.976548 153.704659  -1 

116.085554 -41.264617 -319.544249 133.819642 -48.970097 -309.807989 151.553730 -56.675576 -300.071730 0.098164 -3.644800 17.063790 -2.051348 35.857831 17.107189 -101.927840 148.597245 127.748484 -126.744597 152.846582 140.828226 -119.314024 41.392276 264.166349 2.778162 -33.970644 227.702728 136.215701 -71.236026 190.307419  -1 

50.606681 2.759433 -1.297947 78.238535 0.028560 -3.200177 105.870388 -2.702314 -5.102408 133.502241 -5.433187 -7.004638 93.841463 -8.810976 -6.524390 130.701638 9.529191 -14.476530 127.694693 2.082427 -13.958813 124.687748 -5.364337 -13.441095 121.680804 -12.811101 -12.923378 118.673859 -20.257865 -12.405660  -1 

39.355864 211.744940 -259.261806 -17.602696 51.461810 -59.853979 20.392413 215.388012 -399.462692 25.091306 211.569179 -414.156556 -97.558408 100.717587 -223.595635 -66.210083 -200.524265 220.938521 106.610137 -273.145008 348.981199 -135.455589 -51.954776 106.631504 -118.956606 -37.142785 92.983130 -102.457622 -22.330793 79.334756  -1 

87.854067 227.642853 -375.004086 49.199695 261.135671 -439.969512 -38.987233 115.469703 -181.280488 -59.710837 -150.249246 207.312359 -66.427337 -344.712152 409.142925 -63.787476 -345.809506 409.562197 -61.147615 -346.906859 409.981469 -58.507754 -348.004213 410.400741 -55.867893 -349.101567 410.820013 -53.228032 -350.198921 411.239285  -1 

99.198171 213.531707 -344.925000 59.644873 161.607664 -248.702604 66.307805 155.964514 -246.985353 72.970738 150.321364 -245.268102 79.633671 144.678214 -243.550852 86.296604 139.035064 -241.833601 92.959536 133.391914 -240.116350 -185.421912 -295.402570 392.505573 162.317073 223.170732 -309.237805 114.719763 280.182614 -402.569537  -1 

621.180057 -474.258813 -42.422115 -928.317040 -38.351262 438.427509 -875.506811 -54.431210 395.365575 -822.696582 -70.511158 352.303641 -769.886354 -86.591107 309.241706 -717.076125 -102.671055 266.179772 -240.233298 67.786320 303.487540 156.942234 154.677471 271.298780 197.859171 -299.804648 17.543435 211.787504 -279.470744 -0.582192  -1 

-164.611750 64.594731 -7.801589 -154.865050 82.861312 -12.766298 -145.118349 101.127892 -17.731008 -135.371648 119.394473 -22.695717 -125.624948 137.661053 -27.660426 414.553076 -17.854767 -174.304324 -79.634146 -59.193026 62.371380 -218.975859 -133.807865 15.225859 -92.384063 -106.322175 16.428779 34.207732 -78.836486 17.631699  -1 

-507.010626 176.055568 102.808539 -499.673681 166.966751 87.407752 -492.336736 157.877934 72.006966 -484.999791 148.789116 56.606179 -36.237484 -10.190950 -103.761553 576.631760 0.626988 -113.349682 148.410607 151.965601 90.947998 114.560254 125.211637 105.663724 80.709900 98.457673 120.379450 46.859547 71.703709 135.095176  -1 

-3.442875 -77.372593 -26.538511 20.677265 8.917683 -11.687718 22.045572 30.703128 11.350904 23.618970 30.708287 14.260400 25.192367 30.713446 17.169896 26.765765 30.718604 20.079392 28.339163 30.723763 22.988888 29.912560 30.728922 25.898384 -67.323104 213.730568 664.546703 -139.136961 32.127111 721.568949  1 

-414.327421 -15.732631 -154.980599 -436.541431 -33.758418 -170.578652 64.655560 -6.061266 5.175668 37.501244 -15.707753 18.062158 104.120734 17.503568 71.034696 114.599933 36.410205 81.828744 125.079132 55.316842 92.622791 135.558331 74.223479 103.416838 146.037530 93.130116 114.210885 67.042683 -137.134146 -85.975610  1 

-1.693535 55.398952 -134.780634 -24.956148 34.929314 -127.122139 -48.218760 14.459677 -119.463644 17.803802 2.487088 5.334648 94.706437 -13.031808 69.080337 130.637847 4.381436 420.972014 136.130863 8.920732 432.260319 141.623880 13.460027 443.548624 147.116896 17.999322 454.836929 152.609912 22.538618 466.125235  1 

10.594304 101.945653 -25.821662 10.557885 99.828155 -23.652137 -3.146753 3.791450 8.074130 16.990559 8.280881 30.394375 144.777606 93.265432 249.876848 152.858963 94.925555 276.109934 160.940319 96.585679 302.343019 169.021676 98.245803 328.576105 177.103032 99.905926 354.809190 185.184389 101.566050 381.042276  1 

-5.290269 -1.169970 -6.393864 4.329477 -3.514488 3.151970 7.102043 -2.305399 3.621013 9.874609 -1.096310 4.090056 12.647175 0.112779 4.559099 15.419742 1.321868 5.028143 18.192308 2.530957 5.497186 45.255118 3.601984 23.085429 38.525686 0.948123 19.388980 -70.994168 -4.936373 -11.103526  -1 

212.385592 24.463477 -12.853596 154.729421 34.582063 -0.776804 84.778728 -10.040860 -0.968538 79.184058 -15.352653 0.713006 12.426214 -21.195686 -0.207010 12.753508 2.659539 -6.070414 -2.984522 1.346467 -1.661038 -9.410413 -0.170106 1.841151 -3.540671 -2.218066 -4.842532 1.659680 3.887830 -2.091590  -1 

-209.182885 53.367138 -136.028529 -197.119403 69.169194 -140.625395 -185.055921 84.971250 -145.222261 -68.049419 -51.306985 14.118886 -102.304303 -43.006640 13.719831 -5.260879 -31.902370 50.773975 -46.868913 14.471302 25.238284 -45.318509 14.570153 22.517273 -43.768105 14.669004 19.796262 -42.217702 14.767856 17.075252  -1 

-196.920732 -23.144055 291.004192 256.279966 -59.148847 262.765098 295.282430 -61.571166 262.801641 334.284894 -63.993485 262.838185 373.287358 -66.415804 262.874729 412.289822 -68.838122 262.911272 451.292286 -71.260441 262.947816 -481.798463 32.365028 -234.560150 633.505456 -209.193517 -347.548460 -586.851045 -228.489765 -249.002250  -1 

498.327664 252.574775 -276.364249 220.222401 -610.820282 -201.067715 9.986450 -197.591985 45.098760 24.756098 -221.461069 43.290338 39.525745 -245.330154 41.481916 54.295393 -269.199239 39.673494 69.065041 -293.068324 37.865072 83.834688 -316.937409 36.056650 29.428685 333.658537 229.526776 167.042355 -17.919945 -54.635785  -1 

428.587050 221.336234 -127.393999 -342.840231 -2.219123 183.222950 137.876444 -130.151797 97.427792 -152.138845 -374.021154 283.986385 -171.543497 -375.592528 291.963331 -190.948150 -377.163903 299.940277 -210.352802 -378.735278 307.917224 -229.757455 -380.306653 315.894170 -249.162107 -381.878028 323.871116 -55.647866 356.730183 88.750000  -1 

272.197349 -114.713434 173.722086 -50.208775 -121.287116 -42.033404 -81.615533 148.850449 -66.033376 -321.809881 131.375860 -15.215447 -320.632062 132.678758 -18.535230 -319.454242 133.981655 -21.855014 -318.276423 135.284553 -25.174797 -317.098603 136.587450 -28.494580 -315.920784 137.890348 -31.814363 564.567394 -340.915276 -39.419127  -1 

148.048413 96.694828 25.949530 99.179124 63.238264 57.316418 81.734859 48.047486 74.035505 77.811172 47.016346 72.901698 73.887485 45.985207 71.767891 69.963799 44.954067 70.634084 66.040112 43.922928 69.500277 62.116425 42.891788 68.366470 58.192738 41.860649 67.232663 334.491642 -485.716635 -989.767059  1 

-96.798780 107.134146 221.219512 -91.302680 108.067446 238.464825 -85.806579 109.000747 255.710138 18.231707 -20.335366 -11.951220 21.297764 42.477642 209.690041 -38.389879 -66.832604 142.007609 -38.441995 -79.335210 108.429331 -38.494111 -91.837815 74.851053 -38.546227 -104.340421 41.272775 -38.598343 -116.843027 7.694497  1 

47.614964 -47.315803 28.282520 45.217226 -45.632622 32.347561 42.819487 -43.949441 36.412602 40.421748 -42.266260 40.477642 38.024009 -40.583079 44.542683 29.373877 -46.706354 63.363286 59.870758 -320.692603 -266.892564 76.675258 -11.848755 148.804061 -8.937939 -63.661042 95.546483 -15.453141 -18.138156 68.170105  1 

-98.678590 132.404950 23.492892 112.571068 -78.819290 -39.236445 111.195718 -74.384701 -44.429308 109.820368 -69.950111 -49.622171 108.445017 -65.515521 -54.815034 107.069667 -61.080931 -60.007896 105.694317 -56.646341 -65.200759 97.449187 184.796748 603.313008 40.121951 -19.959350 -41.758130 -52.060467 36.941057 0.952744  1 

-93.540043 29.846147 197.948045 -120.570468 23.638578 193.500597 -42.457569 111.828483 255.792997 -30.576754 94.840175 230.271247 47.037602 57.960493 21.578697 23.917683 26.678735 36.965511 1.388581 -184.495565 -75.673503 310.882591 77.918741 -161.196180 25.376940 160.853659 -142.314302 41.709536 -3.467050 79.799901  1 

-67.278079 5.892563 -105.343156 -67.013941 2.270737 -108.056167 -33.671834 -93.799624 -213.557667 -422.720154 25.125160 123.254172 33.234756 80.975610 78.387195 31.994681 -226.992086 -52.505189 282.196341 -151.388415 -89.292988 76.533283 272.200838 -79.863122 77.322790 15.463880 39.564278 58.839558 17.390540 43.248222  -1 

9.387742 -42.960288 184.078903 -481.172124 -185.076882 466.319260 191.651531 261.990140 -178.814219 428.774641 454.604911 -501.735299 468.043351 447.442366 -506.914049 507.312061 440.279820 -512.092800 546.580772 433.117274 -517.271550 585.849482 425.954728 -522.450301 625.118192 418.792182 -527.629051 -523.279827 -8.538422 271.503453  -1 

359.209594 -903.039229 -385.258008 89.176181 -8.064349 -51.784510 41.603659 32.815469 30.425225 -18.451955 16.486966 4.405462 -17.339072 13.505476 2.619674 -16.226189 10.523987 0.833885 -15.113307 7.542497 -0.951903 -14.000424 4.561007 -2.737691 -12.887542 1.579517 -4.523479 -19.274826 62.788545 161.486280  -1 

-123.460366 -4.893293 27.088415 17.563804 -19.299723 4.201031 -35.037182 -11.697067 -5.640139 -31.512519 -12.711584 -5.028291 -27.987857 -13.726101 -4.416444 -24.463195 -14.740618 -3.804596 -20.938533 -15.755135 -3.192748 -17.413871 -16.769652 -2.580900 -1.699294 4.285944 -3.568678 -2.028225 3.785202 -3.401119  -1 

25.938515 7.070777 -15.571880 24.767908 19.682115 -4.396487 23.597301 32.293453 6.778906 -51.874180 -39.359428 -39.857068 -1.473577 -3.300305 -5.688516 9.864528 4.728794 13.387696 10.318712 4.598281 13.492107 10.772897 4.467769 13.596517 11.227082 4.337256 13.700927 11.681267 4.206743 13.805337  -1 

-180.032219 -23.189045 -59.499286 -163.660111 -11.072635 -56.823076 -147.288002 1.043774 -54.146866 -130.915894 13.160184 -51.470656 -114.543785 25.276594 -48.794446 -98.171676 37.393004 -46.118236 -18.118071 -7.045455 43.457132 -192.730315 -64.542683 167.581190 108.000294 12.182003 15.670417 109.212460 14.905441 14.589438  -1 

-44.321898 -3.724538 -134.903176 45.514482 -46.866425 33.303163 59.876231 -46.096159 57.436999 59.362041 -45.176850 57.125369 58.847852 -44.257541 56.813739 58.333662 -43.338233 56.502109 57.819473 -42.418924 56.190479 57.305283 -41.499616 55.878849 -4.935637 -75.047425 85.628952 -44.658796 -40.404126 -5.308121  -1 

6.286585 8.603659 2.768293 -42.799495 21.430620 -2.699187 -44.963854 21.051582 -1.886179 -47.128214 20.672544 -1.073171 -49.292573 20.293507 -0.260163 -51.456933 19.914469 0.552846 -62.813826 15.258152 19.141039 -66.996791 8.042683 11.023748 -64.127086 -6.902118 15.893774 -44.368339 -34.175309 23.694478  -1 

-4.864133 -12.600812 -1.914145 -5.618361 -12.361796 -1.770736 -6.372589 -12.122780 -1.627326 23.196703 -27.916667 -2.956188 256.341463 -83.414634 -60.182927 37.554189 -81.727779 -19.585510 36.875540 -80.725229 -20.819418 36.196891 -79.722679 -22.053325 35.518241 -78.720129 -23.287233 34.839592 -77.717579 -24.521141  -1 

40.674458 1.131436 -26.030827 53.031130 85.566431 -32.082798 25.056799 93.298948 -34.455396 24.785332 93.706148 -33.583570 24.513866 94.113348 -32.711744 24.242399 94.520548 -31.839918 23.970932 94.927748 -30.968092 23.699465 95.334948 -30.096266 46.012063 69.064820 28.935578 3.156963 94.571204 75.725806  -1 

41.519793 -22.552997 -128.655630 42.803768 -23.519941 -127.049341 44.087744 -24.486885 -125.443051 45.371719 -25.453830 -123.836761 46.655694 -26.420774 -122.230471 8.109756 -30.457317 -105.701220 23.066431 -38.278883 -85.554236 33.711969 -49.189559 -68.483467 37.829394 -50.053904 -65.591841 30.807455 -56.170166 -69.194430  -1 

57.895713 -69.339955 -45.626729 31.326711 41.940401 70.654013 58.642430 86.748734 114.954556 58.569217 86.105510 114.055087 58.496005 85.462285 113.155619 58.422792 84.819060 112.256150 58.349580 84.175836 111.356681 58.276367 83.532611 110.457212 41.571138 91.676152 81.098238 42.154799 88.262851 82.013506  -1 

-165.056212 -29.146341 16.256669 11.383218 -1.704003 3.012328 -4.162371 0.575549 0.115036 -3.565187 0.455065 0.492205 -2.968004 0.334580 0.869374 -2.370820 0.214096 1.246543 -1.773636 0.093611 1.623711 -1.176452 -0.026873 2.000880 -158.231707 -16.036585 146.310976 278.734234 -86.298968 59.960063  -1 

99.039947 -39.595970 15.324905 104.261319 -42.832505 23.273192 14.908868 19.077081 -0.526577 -0.319963 59.947917 115.664856 32.724371 75.064787 162.841559 -1.947448 -218.130815 -151.109190 427.980745 182.845956 557.326701 50.132375 234.784704 -31.574707 16.055003 158.800317 -42.053420 -18.022368 82.815929 -52.532134  1 

95.642963 -17.837876 -88.330335 89.168880 -19.835533 -100.002510 82.694798 -21.833190 -111.674685 76.220715 -23.830848 -123.346860 32.592761 -13.082512 10.212117 63.775407 29.447409 299.965701 70.512977 -423.868199 -624.372577 95.273244 -411.157129 -694.140140 120.033511 -398.446060 -763.907703 144.793777 -385.734991 -833.675266  1 

-10.437617 9.876173 0.635084 -11.594590 12.164061 0.744528 -11.175623 20.413763 105.835232 -34.290923 -19.093538 -316.431670 68.671087 17.175773 -153.906309 69.157428 15.282705 -127.455654 69.643769 13.389637 -101.004999 70.130109 11.496569 -74.554345 70.616450 9.603502 -48.103690 71.102790 7.710434 -21.653035  1 

-73.633026 148.482454 57.388004 152.964511 75.547753 -238.575637 127.183468 45.431408 -210.207640 125.882794 47.793432 -193.543401 124.582119 50.155457 -176.879162 123.281445 52.517481 -160.214923 121.980771 54.879506 -143.550685 271.512916 -524.311566 -972.648833 32.276423 -16.773374 -183.358740 32.706110 -3.569508 -12.212907  1 

-60.964053 39.340093 90.276482 -62.491058 44.407449 94.083536 -64.018063 49.474804 97.890589 -65.545068 54.542160 101.697643 -67.072073 59.609516 105.504696 -73.106868 88.773107 33.658858 -20.580296 -160.860167 134.767059 291.968520 -571.542808 -938.005955 318.786165 -423.082398 -947.831790 345.603811 -274.621987 -957.657625  1 

94.015098 -44.496951 168.147187 95.069642 -49.070122 175.220984 96.124186 -53.643293 182.294782 97.178730 -58.216463 189.368579 98.233273 -62.789634 196.442376 20.091463 169.709640 354.888211 10.267615 140.947864 425.913505 409.670411 -90.884628 -51.100770 265.671694 -44.077824 18.058408 11.195246 0.323233 18.868840  1 

-43.406319 51.588137 108.824834 4.168967 -8.892330 -12.146983 -10.256579 -11.251123 -2.037869 57.210925 -12.277487 3.559092 109.439248 -31.910995 -27.838558 -20.365539 -19.787214 1.973535 -88.825584 -325.462081 -647.239583 -266.514596 2.533015 300.357007 -195.049918 108.308322 -36.319980 80.150553 190.135781 172.064999  1 

108.611134 166.076575 -124.160802 107.379093 169.177560 -125.345859 106.147051 172.278546 -126.530916 104.915010 175.379531 -127.715973 103.682969 178.480517 -128.901029 44.433057 -11.196160 57.081604 275.670732 -119.714582 -350.753114 231.996480 -196.027470 230.861516 103.523384 -203.067953 10.799283 -96.962247 -16.868189 -93.252465  1 

-69.758692 264.617281 53.424689 -158.514540 67.942256 188.827913 -149.274390 54.032520 151.565041 -140.034240 40.122785 114.302168 -130.794090 26.213050 77.039295 -121.553940 12.303315 39.776423 -112.313790 -1.606421 2.513550 -25.052168 -277.306233 -104.113821 -123.565469 -181.137035 -114.820603 57.961128 -42.982088 28.354611  1 









